0 0.83125 0.08515625 0.3015625 0.1578125
0 0.5015625 0.08359375 0.3 0.1671875
0 0.1625 0.08515625 0.325 0.1578125
0 0.85859375 0.27890625 0.2828125 0.1734375
0 0.54375 0.2859375 0.328125 0.1890625
0 0.1625 0.28359375 0.325 0.1671875
0 0.85078125 0.4796875 0.2984375 0.175
0 0.521875 0.47109375 0.290625 0.1640625
0 0.17265625 0.47265625 0.2890625 0.16875
0 0.8125 0.6765625 0.3203125 0.1765625
0 0.48359375 0.690625 0.2921875 0.140625
0 0.165625 0.68359375 0.3140625 0.1515625
0 0.825 0.88671875 0.315625 0.1625
0 0.484375 0.890625 0.3203125 0.1796875
0 0.1546875 0.89765625 0.275 0.140625