0 0.16875 0.91484375 0.3015625 0.1578125
0 0.4984375 0.91640625 0.3 0.1671875
0 0.8375 0.91484375 0.325 0.1578125
0 0.14140625 0.72109375 0.2828125 0.1734375
0 0.45625 0.7140625 0.328125 0.1890625
0 0.8375 0.71640625 0.325 0.1671875
0 0.14921875 0.5203125 0.2984375 0.175
0 0.478125 0.52890625 0.290625 0.1640625
0 0.82734375 0.52734375 0.2890625 0.16875
0 0.1875 0.3234375 0.3203125 0.1765625
0 0.51640625 0.309375 0.2921875 0.140625
0 0.834375 0.31640625 0.3140625 0.1515625
0 0.175 0.11328125 0.315625 0.1625
0 0.515625 0.109375 0.3203125 0.1796875
0 0.8453125 0.10234375 0.275 0.140625